-0.07318855
-0.9118901
0.6048956
-2.005495
-0.9241366
0.256459
2.952187
0.750208
0.4712465
-1.394275
1.538512
3.180156
-1.139378
-1.978603
0.4010199
-1.595059
-0.6312636
-1.791692
-1.045773
-0.7440144
0.2087834
-0.8108999
0.002682872
-2.613904
1.544033
-2.278437
0.6721451
-0.8826542
0.1689541
1.746971
-0.6266634
-0.8054523
1.321091
-0.4141142
-3.037236
1.819774
0.5420346
-0.9910737
0.5185339
-0.6379697
1.035116
0.6296333
-0.3739801
-0.2213729
-1.300774
-0.2359953
-1.856957
-1.735257
0.4316944
-0.5998464
0.05009277
0.3417293
0.1934012
-1.616542
-0.8542441
1.12922
0.7206278
1.424156
0.2059966
-0.8439559
-0.2189443
-0.8243186
3.036536
2.169083
-1.418414
-1.021894
-1.917376
-0.5770938
1.113134
-0.3764668
0.4662555
-1.584992
0.6548117
-0.935669
1.192645
-0.4594743
-0.9921265
0.6006871
-1.091425
-0.522259
0.003871359
0.3833338
-0.07491002
-0.1519692
-0.1241956
1.010969
-1.022302
-2.538956
-0.4220954
-0.2878905
-0.1189062
-0.06723538
-0.4909257
-0.848872
-1.32857
-0.53723
0.9863918
1.270656
-0.5048295
1.053306
0.7127401
-0.4782924
0.5266482
1.336335
0.05515254
0.08777407
-0.3471673
-0.7490098
0.2120821
-1.055954
-0.2616661
0.3589802
-0.2413081
-0.5266393
2.636226
-1.549127
-1.621775
1.619859
-1.061668
0.2096721
-2.385069
1.31224
1.761411
-0.4345994
2.150857
-2.831367
-0.6068704
-0.3547339
2.470088
-1.095902
-0.978813
-0.1505055
1.18744
1.337176
0.4745353
-1.435557
-0.4111829
-1.043357
-0.3713228
1.107673
0.3642655
0.9057691
-0.1610147
2.107005
-2.21057
-0.4821696
-0.1282534
-1.118279
1.022327
-0.4727871
-0.4982723
1.067359
2.220823
0.5714127
-2.616892
0.2812876
-3.278314
0.6421572
-1.14716
-1.280854
1.570403
1.436635
2.012027
-1.444887
0.8895181
-3.10868
0.8851994
-0.597151
1.779802
1.37893
0.2052992
-1.705832
1.66513
-1.132195
0.1171364
2.62661
0.7905639
-0.8862712
-2.121543
2.114911
-1.304125
-0.9097583
0.2871112
-0.5834326
0.04408896
-0.1730134
0.590131
0.3954302
-0.2507188
-1.837343
1.788938
0.7165997
2.935977
0.3244769
0.7985065
0.01473707
-0.06489028
1.633558
-1.604657
1.836052
-1.446816
-2.755316
0.01278542
-1.341183
0.3556779
0.3458831
-1.065259
1.524832
2.050306
-0.1570149
1.064281
-1.2356
2.670199
1.567899
-0.35253
-0.8465099
0.8343294
-0.08284332
1.546692
-0.7437824
-0.6349704
-0.6108414
0.7434365
3.412771
0.7628729
-0.1493732
1.090079
1.138842
-0.8495715
-2.20396
-0.7471752
-1.000578
-0.8189248
0.1957855
-0.6779156
-0.3546255
2.111129
-1.671202
0.00814762
0.7455805
-1.891298
-0.8256474
0.4408332
1.316863
-0.448656
-0.2416192
-0.472823
1.748728
-0.02356713
-0.1313795
-2.067745
0.8557621
1.126743
1.669083
-2.014289
-1.545568
-0.33934
1.031183
-0.1002917
-2.549909
-0.3051443
0.7389461
1.063873
-0.7242861
0.04343726
0.06230501
0.7538421
-1.712598
-0.2635629
-0.07999965
-1.123953
0.6944275
-2.66934
-0.1842654
-1.365798
2.047917
-2.475557
-1.116032
2.683015
1.582312
-0.02466986
-2.581494
0.04105252
0.1779096
2.023632
-0.5339987
0.9888034
-0.3494348
0.6873577
-0.4226209
0.9580671
1.06733
2.452344
-0.5323335
-0.9421043
-2.257833
0.5163184
-0.1581263
-0.2830415
-1.332103
-0.43421
-1.51165
0.389375
0.6871139
-0.6894901
3.280234
0.07570486
-0.1594414
-2.136936
1.090943
-1.067629
0.4141078
-0.8726057
0.3114643
-0.2170169
1.036645
-1.722725
-0.2942757
-1.513394
-0.7114762
0.5971224
-0.6993427
-0.165042
1.006171
1.429531
-0.4509968
-0.2389626
-0.2935522
-2.372707
-0.3518818
0.5403175
0.8946219
2.62138
1.00626
-1.126853
-1.300398
2.600968
0.1380582
-0.5653064
-2.039829
0.954716
0.2215649
-0.1237164
-0.1393266
1.536708
-1.001417
0.620926
-1.988399
0.6976091
-1.061468
0.1987493
-0.6218854
0.4698808
-0.486173
0.437715
2.69907
0.5683991
-0.06309216
0.3458409
-1.107147
-0.581424
0.4969082
-1.7901
-1.819937
0.5266681
0.8881314
1.021715
-1.010988
0.9769646
0.51604
-1.682005
1.631353
-0.2698847
0.3954271
-1.414304
-0.05996419
0.3783394
-0.5354605
-1.665915
0.3010043
0.9221411
-0.871802
-0.1501828
-2.371418
1.42341
1.289943
0.932407
0.9526466
-0.8794737
1.247629
0.1740602
-1.014758
1.123465
1.733958
0.1187764
-2.301117
-2.3638
0.6203303
2.088271
2.157624
0.6638144
2.688699
1.534434
1.688909
0.8115615
-0.4327467
1.076831
-2.251755
1.339314
-1.116424
-1.118071
-0.5747809
1.896538
-2.622182
-1.796244
1.62897
-3.127562
1.559667
-0.9443659
1.587646
0.4016707
-0.06715526
0.3789539
-1.602182
-0.9939724
1.819128
-0.6172332
-0.1526802
0.5502865
-2.869964
-0.6401985
-1.060964
1.417117
-2.136606
1.156314
0.5520005
-0.6169444
-1.096961
-2.472055
0.611216
1.836523
0.4007287
0.06451195
1.830334
-0.948218
-1.525306
0.8861756
-2.114407
-0.4089986
-0.4776819
2.125493
1.922103
0.6431296
-1.181711
-0.3756589
-1.903865
0.9819191
0.06632173
-0.4907107
0.3887418
-1.503051
-0.2422152
1.811957
-0.2088117
1.414806
-1.013387
-1.302863
-1.631003
0.6227572
-0.5514114
1.306449
-0.3823305
1.289664
-0.2539102
0.5129141
2.864158
0.5019066
-1.102889
0.05507029
-1.160532
-1.54516
1.282758
0.9327433
1.788853
1.857515
2.036463
1.892275
0.5693588
1.100508
0.8227057
0.3434033
-1.171492
-0.3942758
-2.563188
-0.8305128
0.1989347
-0.1273556
2.776608
-0.1535967
-1.244936
3.198997
0.4387564
0.2534453
1.909894
0.01114431
-1.433229
0.4850894
1.11235
-0.0199554
0.563904
-1.193297
-2.041044
-0.1200165
-0.7411487
2.137362
-1.692461
0.9590014
1.184992
1.330894
0.1441949
-2.100129
1.157498
-0.3880226
1.340038
-0.8574591
0.1842322
-0.07901134
0.6421901
0.5401078
-0.008600641
-0.08857482
1.950242
0.2794993
0.1302519
2.115741
0.530651
-0.1285918
0.4605221
-2.382537
0.1805522
-0.7213084
-0.6720099
-1.614487
-0.1171314
2.236323
1.768049
0.6916176
-1.734337
-1.129586
-1.148164
-1.409621
-0.1111051
-0.6037637
0.8804789
-0.8574288
-0.4183143
-0.7977107
-1.480284
0.6118692
2.78729
0.6847644
-0.5237267
-1.326457
1.849501
1.433127
0.6964293
-1.488346
-1.974255
-1.464507
-0.8656711
0.1315025
-0.5297114
-1.203038
-0.8758835
-0.4892817
-0.3149604
0.2421034
1.81889
-1.48997
-0.5410227
2.075204
-1.402595
0.4160943
-0.04745629
1.650861
-0.7639538
-2.107358
1.123858
0.8519531
-0.8528272
-1.452931
0.716736
-2.694302
0.125863
-0.2771873
2.672135
-1.012062
-2.205446
1.357841
0.9454792
1.501732
0.4970094
-0.1182754
2.417635
2.085
-0.5506298
-0.5528504
2.795985
0.8803912
-0.3837037
-0.3517458
0.305635
-0.5646477
-0.1014265
-0.7800109
-1.347559
-0.2176274
-0.09229499
-0.2263896
-1.472471
-1.539767
-2.237806
-0.7945487
1.051237
-0.1902066
1.195701
1.682574
-2.181944
1.163441
0.9888522
1.695714
1.184947
0.7275549
-1.007369
-3.141253
-2.169754
0.2748139
0.2094708
-0.6823353
0.6736372
-1.033698
0.3126247
-1.400552
2.717024
1.100772
1.471441
-1.375318
-0.4713816
-0.732303
2.047345
-0.9042736
0.3693289
1.470877
-0.1019282
-1.918163
0.9674019
-0.4189848
-0.2202466
-1.065831
0.7832235
1.018607
2.774487
1.93508
-1.311025
0.1797135
0.5092328
2.181378
0.3166169
1.935714
0.04020076
0.1350604
0.3588062
-1.152339
-2.427116
1.087296
0.3511372
0.7751374
-1.389264
0.08193225
0.7955151
0.5287057
0.6642646
-0.06240933
-0.903779
-0.6488917
-1.225828
-1.021364
-2.034574
1.742422
-0.4186105
-1.168384
-0.3877693
-0.3199343
-1.11279
-0.5744784
0.5449736
1.810161
-2.387789
-1.941561
1.718987
-0.2768898
1.064442
0.277171
3.516382
-0.9159347
3.029259
-0.5577269
-0.7056186
-0.742425
-0.6198373
-0.1992892
-1.712815
-1.058355
0.5458612
0.2338918
1.762075
-0.7687136
-0.3053328
0.6064374
-2.30952
0.9505401
-0.2618531
-0.6386347
-0.1866861
-0.04911183
-0.5200344
0.8642725
-0.737515
0.7854648
-0.6540976
-1.292165
-1.165418
-2.542933
-0.1038926
1.229233
1.412724
0.9010216
-0.006830536
-2.562671
0.1006987
2.884973
-0.308858
0.7667799
0.3013513
0.7649781
0.6653296
-1.331328
-2.453444
0.7367191
1.352208
0.05526084
-0.934353
2.443219
0.2624109
-0.3001378
-0.4069893
-1.664549
1.213055
0.5464401
-0.07407305
-0.7212946
0.7529088
-4.316051
0.611971
1.051653
2.648845
-0.2595576
1.309256
-1.790224
-0.688056
0.3921847
-0.9698855
-0.401132
-0.470739
1.547625
-0.5844145
-0.7711222
-0.504179
-1.492858
-0.4566669
-0.02460347
0.6094248
-0.836689
0.1589217
-1.170354
-0.6153713
-1.915165
-0.6711862
0.8116331
0.8868653
1.131576
-1.556828
0.2773128
0.3498726
3.51856
-0.6765255
2.327332
1.903742
-2.471276
-0.4246442
0.2883217
-0.5821405
0.1260362
0.4273443
-0.2877383
0.5029808
0.6162074
-0.08152482
-3.69443
0.7724515
-3.486235
0.6689863
0.2388356
-0.2109994
0.427661
-0.104728
-0.5071812
0.2908987
1.089224
-0.7867211
0.6561342
1.159491
-0.6082116
-0.3218957
0.02325513
0.9696153
-0.6958994
-0.4502149
-0.5455647
-1.365543
0.7566773
-0.05990434
1.396666
0.4140549
0.0181779
-0.3681322
-2.572212
0.8416131
-0.2921127
2.060978
-1.536194
2.150584
-1.215553
-0.5530851
0.3429148
0.223892
-2.620622
0.1093452
-0.7026306
-0.06480876
0.91158
0.8498915
-0.09707977
0.4135662
1.398269
2.123798
-2.539083
-0.8956111
0.450428
0.7610665
0.2079751
0.7332293
-0.8002256
-0.08784446
2.973062
-0.5384858
2.086477
-2.449573
0.48164
-0.6433988
0.6871757
-1.553635
0.5054811
-1.519799
-1.27995
0.5913126
0.2321233
-1.718053
0.5754935
-2.153481
1.632557
1.308131
0.4154879
0.3274883
-2.18491
0.1037892
0.02674324
-0.03081685
-0.07580964
0.7086285
-0.4517082
0.02784997
1.590525
1.432984
-0.2415369
-0.3650211
0.508424
-0.7265984
1.026819
0.7696892
-0.1561117
-0.1344972
1.994907
-0.4736594
2.920822
-2.038255
-0.2199782
0.05993786
-0.3229179
-1.202612
1.011934
-0.4730241
0.7995781
-3.91243
0.03953484
0.5903499
0.6478286
0.4549396
1.48197
0.464631
1.739666
3.336605
1.553352
2.164067
2.100143
0.7571039
-0.9594204
0.7180896
0.5077083
-0.8135396
0.5429555
1.120442
-0.2280617
0.267688
1.596768
0.2481312
-0.6608526
-0.02725421
2.162529
0.07733032
0.4815716
-1.842174
-1.171427
0.1408104
1.503171
0.2633773
0.5889217
-2.790356
1.542886
-2.255275
-1.851338
-0.1833723
-1.368547
-0.08269589
2.979445
-1.111962
1.090895
1.394352
-1.531183
0.1029937
0.6400611
0.5647381
1.289856
0.8382001
0.6174799
-1.716673
1.025036
1.211896
1.22838
0.07231715
-2.120467
-1.258569
2.208331
0.537749
2.099037
0.525939
1.777699
-2.248566
-0.233002
-2.116908
-0.03609414
0.105617
-0.0376076
-0.7255067
0.1721948
0.8574939
0.2911579
-0.501656
0.1041073
2.819642
-1.091154
2.137862
-1.161012
0.6597756
-2.035211
-1.524157
-0.3963494
1.830783
2.872017
1.161382
-2.141637
1.072239
-0.6329023
-0.05797393
-0.3842536
0.5567576
0.2235958
0.1567555
0.1320938
-1.148717
-0.2610982
0.6837362
-0.07445168
-0.662567
-0.6157311
1.67366
1.190311
3.420424
1.321087
1.641109
3.965452
-0.5551194
-0.2454801
-1.3487
1.392095
-1.066884
0.4738938
-0.2768442
2.010188
-0.08156827
-0.2349655
0.2905989
-1.643319
-1.452881
2.024356
1.750743
-0.5351922
0.1659455
-0.957441
-0.4308695
-0.8318441
-2.552635
-0.2506389
0.9927587
-0.6475379
-0.03703626
-0.454926
-0.2309363
0.1244593
0.9318722
0.1935049
0.4721512
0.8432845
-1.008843
-1.44912
2.140085
-0.5565933
1.077101
-0.4981304
0.8428508
-2.33601
1.294455
1.24109
-2.017774
-0.001641735
-1.275634
0.2154931
-3.819593
-0.7773075
0.1723635
-2.161646
-1.969898
-0.532112
-2.274162
1.632704
0.4623596
-0.7740471
1.203764
0.9925141
-0.8836721
0.811698
-1.149204
-1.734206
2.985476
-0.7021719
0.6548299
0.8020567
1.027375
1.053712
0.6448815
0.5018439
-0.222822
-2.834304
2.726343
-2.847133
2.243381
2.27387
-0.8982704
-0.8771365
1.896584
0.09156914
1.13296
-0.6730505
-0.4509721
0.2528185
1.466492
0.1504239
-0.3425905
-0.6145212
-2.203048
-0.9458276
1.604978
-1.199463
-0.2193331
0.9494215
0.1620262
0.2332521
0.8301083
0.2711568
-0.1608659
-1.145605
1.927688
-0.3582157
0.1923222
1.841224
1.069909
-0.428816
1.484968
0.3160135
0.4115022
-0.3931418
-0.342678
0.1832067
-1.107796
-0.283511
-0.2959234
0.6035947
-1.88796
0.8276358
-0.4382729
-1.049572
0.9179891
-0.1170727
2.350344
-1.144254
0.8187461
-2.419142
1.106001
0.3326648
2.431998
1.448002
2.557435
0.4827582
-0.103007
1.057515
1.499721
-1.211801
-1.51239
0.01512044
-1.761937
-0.2988209
1.684393
1.946627
1.6315
0.7187365
-0.3037446
-1.180376
-1.027541
-1.376516
0.2969966
-2.063849
-2.668785
-0.6843876
0.4786206
0.1162868
-0.8608335
-1.159881
-1.403619
0.2016973
2.741243
-1.297395
1.188506
0.245043
-1.838419
0.076363
-1.71839
0.6860746
-0.2228363
0.2131278
0.3272143
-0.2085283
-0.2775649
1.081624
-0.8020932
1.150893
0.8952227
-1.065753
-0.5397247
-1.188717
1.039043
1.991887
-1.98681
0.2616325
-0.2262895
-0.2848532
-1.269966
-2.129524
-0.1769491
1.765925
-1.459588
-1.219558
-0.7846655
0.05150118
1.270848
-1.575586
-0.5794761
2.01945
-1.166869
1.584293
0.5577888
-1.570923
-0.07698134
0.3436474
-0.506341
-1.367383
-0.05128675
0.2395734
0.3675559
0.9969571
0.6493013
0.5017662
-0.2337878
1.075058
-2.020887
-0.3295437
-0.4363639
0.4760398
1.264235
2.02018
3.103916
0.2436046
0.7893529
-1.242877
-0.7178553
-0.9000105
-0.3480673
-0.8111109
-0.9561567
-0.1361571
-0.7826525
-2.159658
-1.631949
0.5264405
-1.586274
0.6120856
-1.115302
-0.2223024
1.436226
-0.6413973
-0.6525204
-1.03757
-0.1056681
0.5591369
1.518729
0.5267913
-2.616449
-0.2846352
-0.4949953
0.2742265
0.3263761
-0.5323015
1.986867
0.01078324
1.559736
-1.414399
0.1630547
-3.075378
0.6897105
-0.13192
1.855337
-3.788054
-0.7823094
1.944292
-2.516618
1.697323
-1.806113
-0.6558447
0.3642741
1.76327
0.02761342
0.4594585
-0.940689
1.156756
-0.2136783
-1.289045
0.6819257
-0.02297032
-0.1129176
0.3197446
0.193455
1.074816
0.5192458
-2.799562
-1.082668
1.785403
-0.273635
-0.4700731
0.09276992
0.09679891
0.06270833
0.9214054
-0.4753858
2.285355
1.190082
0.7584323
-1.264196
0.730083
1.745955
-1.745367
0.004794717
-0.2827651
-2.940494
-1.690515
-1.050644
-0.7233463
0.9630651
-2.397758
-1.139793
-0.3864563
0.889665
0.05796754
-0.04550388
-0.505607
1.855902
1.351143
-2.206447
0.9781755
0.1323698
-0.1139022
1.139423
-0.1354183
-0.1621048
-0.3432881
-2.053202
-2.685668
0.362285
-1.130468
1.705874
-1.112466
-0.6113161
-1.770432
-0.7082708
-0.3267
0.7146651
0.523486
0.1852077
2.804643
-1.456801
0.2023152
0.7663094
-1.237052
-0.274113
0.8897148
-0.03438118
-0.2902918
1.765173
0.5233414
-0.7253791
0.06943101
0.9438438
0.545663
0.266511
-0.5730491
-0.9792243
-0.722746
-0.3916789
0.8394226
0.9775975
1.479409
0.9332546
-0.2103014
0.5680864
3.182439
-1.80107
1.928121
-2.390878
0.2201101
-1.648625
-1.953347
-0.1736468
1.403939
-1.717465
0.519085
0.2404481
0.7808965
0.2744058
-1.677623
-1.236158
0.008184776
-1.327475
0.7865451
0.8826293
-0.5355279
-0.9641038
1.846015
1.751553
-0.7299423
-0.7104129
-0.5433038
0.3043842
-0.1314639
-0.454047
0.9964129
1.529727
1.059374
-1.021207
-0.8833407
0.5063652
2.166051
1.29199
-0.5434737
0.2624721
0.5923863
1.522236
-1.468401
-2.138882
0.2898403
2.15436
0.309812
-1.648085
-1.690223
-1.659258
-1.521726
-0.6484083
0.9847126
0.9507392
1.223743
0.5756943
0.9367037
0.7388445
-2.116681
0.7770686
0.3739024
0.7086363
-1.120136
0.8674889
-1.551502
-0.1456112
2.07655
-0.5407897
-0.03691523
1.039784
0.9746301
0.01127486
-0.4107124
1.117389
0.1644361
-1.460493
1.119477
0.6500118
-0.368721
-0.1325302
-0.02584733
-1.830367
-0.2274588
0.3940248
2.263357
0.2884139
-0.6425177
0.2649232
-1.71114
-0.6705561
0.3310857
-0.13272
-0.2646164
-0.4139024
0.2632039
1.457378
-3.658167
-0.1237002
1.544902
2.938689
1.545521
-1.421378
2.511971
-0.0781043
0.6587311
1.968857
1.048579
-0.7557704
-0.6578057
1.210518
0.3394156
-0.5554663
2.082532
-1.428064
-2.245
1.138765
-1.06717
-0.5746658
-0.3178629
1.078854
0.8526515
0.6244283
0.1280128
0.4623556
3.494777
-0.6819627
-1.490737
-1.169745
0.3729327
-2.613318
-0.3661192
1.135211
-0.5433217
0.4107788
-0.9267697
1.580849
-1.60716
1.213719
2.025065
-0.2286658
-0.3402809
-0.1272306
2.18416
1.547671
2.514274
-1.040804
-1.473534
-0.5092514
-0.2167893
0.3011152
-1.083184
0.6404674
-0.3348259
-0.09962383
1.470259
-0.9467906
-1.162088
0.9026537
-0.284097
-0.3428972
2.022877
-0.5209966
-0.1937826
1.352527
0.1790159
-0.7621932
0.4580272
-2.921885
-1.19656
2.373586
1.572317
0.4710311
-1.25549
-1.510891
-1.726329
0.3843588
-0.125861
-1.285884
1.089658
-0.1525262
0.2863964
-0.9302425
-0.3182212
-0.4428236
0.7546637
-0.07154787
1.778929
1.083977
1.819778
0.3015485
-1.592003
-0.8334994
1.418849
-1.697826
-0.1432116
-0.155445
0.7252635
0.1904761
0.6926531
-0.34672
1.661553
-0.8361661
1.541036
0.7506255
-0.1869074
0.4353761
-0.8046399
-1.174753
0.09330686
-0.8155389
-0.1909777
0.5273456
-0.9853501
-0.2203439
2.365233
-0.4769991
0.2997488
-1.571666
-0.1287925
1.094944
-1.578789
1.066654
0.2037313
1.16074
1.660729
-0.06888221
0.921048
-0.1937942
-0.2422118
-0.6178297
-0.8507905
-0.8137286
-3.288208
-0.1464027
1.048067
-1.030992
-2.288178
-0.1017736
-0.2534305
0.5256178
2.577568
-0.5251318
-0.4335546
-0.4857037
-1.511945
-0.1263781
-0.7070389
-0.06407113
-1.420732
1.918797
-1.53439
-0.1939967
0.8090352
1.808839
-1.352963
1.824196
0.9269227
-2.47233
-1.232298
-1.923709
-0.366181
1.490507
0.6928883
-0.3109619
-0.3674477
-0.5725329
-0.3371753
-0.9101267
-1.0504
0.7356535
0.6429039
-0.220883
-0.42653
0.3625715
-1.992184
1.50125
-0.4503393
1.161039
-0.03241923
1.43047
-0.3577382
1.156635
1.40268
0.5982417
0.2383701
0.3194683
-1.171257
0.3883318
-0.2832842
-1.077116
1.587579
-0.01704491
0.2008155
0.209888
0.4256326
2.999954
2.215289
0.4932299
0.1740832
-0.9812395
-0.6037448
-1.578396
1.117166
0.2562197
0.08880839
0.4223464
0.4925987
1.398817
1.405799
-0.5659356
1.505124
0.2981573
1.779554
1.943856
-0.5221064
-1.730042
0.2187012
0.001808956
0.3860301
-0.03189972
-2.571054
0.6913786
1.971695
1.088001
-0.3302346
-2.107931
1.450401
-0.690988
-2.043448
-0.2153434
-1.945062
-0.4359781
-0.2856047
0.2284676
-1.108106
1.431501
-0.6940574
0.6184133
-1.414626
-0.8241225
0.7460155
-0.6644145
-1.520601
-1.257964
-1.888529
0.4617982
-2.375144
0.025367
-0.6441483
-0.5402417
0.3744191
-1.334822
0.3184617
0.1012125
-0.12434
-2.136682
1.67093
1.060744
0.600373
-0.301552
-1.603367
0.5698701
-2.023442
-0.4465788
-0.772354
-1.813386
2.371598
1.464838
-0.2197123
0.2222561
0.01662184
1.815351
1.303991
-0.2973859
-0.7895005
-0.5640123
-0.1135964
0.8748075
-1.213115
1.994577
-0.3047169
-1.726233
-0.2697322
1.762798
-0.7082473
0.6378861
1.798873
-0.5341591
-0.2982382
1.114053
0.007218618
-1.109721
1.335601
0.6014538
0.2414461
-0.3189655
-0.2855132
1.413416
0.8615203
-1.481746
0.5925075
0.9002043
0.313045
-0.7190284
1.854741
0.5672238
0.4328966
-0.934053
-0.4875327
0.7327964
-0.2307508
-1.793289
3.059229
1.587065
-1.600449
1.329934
0.7337317
-1.021875
0.5613513
0.05109147
-1.489909
-1.068712
-0.1258119
-0.007019974
-1.797514
0.05158483
-2.143506
0.4917829
1.550158
1.134533
-2.977039
-0.01121786
1.753799
-1.589411
0.2355632
-4.002624
-0.840561
0.2770742
1.008799
-0.8703267
1.655913
-0.4894302
-0.3835241
0.6601451
0.4569628
-1.142735
0.5736528
-0.1745062
-0.3564347
-0.07762206
1.085681
1.373951
-0.9806246
-2.385992
2.234674
1.304387
0.9592885
-1.943475
0.5881764
-1.458529
0.5777563
-0.5933112
-1.592322
-2.5891
-0.3027033
1.847126
2.344223
-1.32504
-2.447852
-0.617703
0.03524525
-1.011048
0.5125687
0.2029093
-0.8352951
-1.564713
1.356887
-2.144686
-1.385524
1.130212
-1.396381
0.1797576
1.157392
0.4119042
0.5693616
1.604464
-0.03061603
0.89617
1.264412
-0.4589781
-0.08540592
0.2236151
1.970745
-1.952507
0.1838803
1.410695
-2.131915
-1.193455
0.4539339
1.902578
2.43385
0.9102833
-0.2545227
0.2762831
-0.7084576
0.1962496
-0.4789023
0.5081835
-0.1118244
-1.469368
0.1265623
-0.915133
-0.4969981
-0.9190406
-0.9728817
0.1556112
-1.433301
-2.019153
0.3764516
-0.4675981
-0.2423696
0.4312729
1.295649
-0.2999416
-0.3445083
-1.852546
1.21104
-0.3644214
0.2359498
-0.4295655
-0.9560567
-1.193285
1.381871
1.660044
0.8229123
-1.597494
-2.219636
-1.482893
-2.480851
0.7828377
1.189668
-0.1106917
1.247973
2.516959
1.254298
-1.449879
0.6845005
1.865432
-1.279558
-0.4650058
-1.030433
1.402009
0.3358315
1.209027
1.588899
0.3706476
3.8501
3.352348
1.083465
-0.9150931
-1.567848
-2.597708
0.7807158
0.325751
-1.22443
2.419198
0.5800061
0.4606798
-1.429026
-1.08476
0.2088914
1.547646
-0.8916336
1.314613
2.066733
-0.3561084
-0.07480145
-1.229699
1.615493
-1.766615
-1.044323
0.5512677
-0.2527979
-0.06689224
-1.23368
-1.988829
-0.7604043
-0.004665155
-0.7388148
-0.2942653
0.4568409
2.88951
-1.49107
0.4988002
-0.06578137
0.8671449
-1.562806
0.4515564
-0.4037539
0.2907037
-1.138008
1.09581
0.1320653
-1.035277
1.915542
0.9708253
-1.14862
0.284887
1.853095
-0.2339768
2.404342
-0.7388304
0.1791007
-1.479213
1.656718
-1.984874
0.3725656
1.031441
-1.998337
1.400274
-1.383733
-0.4998992
2.40373
-0.2051929
0.2642243
-1.34169
0.359174
-0.1750264
-0.5294773
1.255435
2.758726
2.039274
1.546636
-0.1314878
-0.4484228
-0.8784316
1.443467
1.111308
-0.4858651
-1.161255
1.596448
-1.308383
-0.1427606
-0.2414482
-0.04004426
1.8902
1.175473
-0.5024971
-1.000458
-2.007377
1.452823
3.22444
-1.498192
1.762814
-1.108164
0.2397607
-0.9714224
-0.2466757
-1.993666
0.6558437
0.7627253
-0.09214621
2.391386
1.60672
-0.6793492
-0.8498681
0.9780433
0.1608432
-1.313008
1.358831
-0.5869208
1.344591
-0.4347223
-2.38423
-0.3066136
-0.06956026
0.1743556
0.2691642
0.8103812
-0.333342
0.553553
-1.494075
0.1251839
0.6103605
0.1569538
0.03101141
0.3622304
2.318784
1.020018
1.323828
-0.4966711
-0.7646503
1.54019
0.6674651
0.6802884
1.060193
-1.947935
-1.265829
1.563325
0.6914898
-1.983674
0.5292324
-0.8605937
-1.216164
-0.8902721
-0.6435054
0.5960643
-0.5667002
-0.04236774
1.107624
-2.406851
0.2428105
0.8413621
0.03805115
2.277867
-0.3575207
0.3172838
-0.6124923
0.8640465
0.1654391
-0.7663684
-2.70416
-0.3322626
-0.4444543
0.5044574
-1.088173
0.4652134
-0.5138961
-1.125224
1.425827
-1.050822
0.4431662
-1.08486
-1.078066
-0.4787615
-1.412936
-0.01111941
-0.3127816
0.1482653
-1.064008
1.135115
-1.829434
1.14181
-1.391638
-2.576963
-1.616196
-1.939355
-1.891801
-0.9654411
1.265875
-1.758941
-1.091765
-0.9498941
0.2336498
-0.2984977
0.5303085
1.42191
-1.191915
0.5355063
1.138586
0.4310884
-1.769403
0.5292769
0.7811086
-1.499775
2.386992
-0.2777282
-0.7796253
-0.2080161
0.02372896
0.2098157
2.461337
-0.7046527
1.900702
0.1382092
0.9445997
1.303824
-0.1353904
-0.5813333
0.7400708
0.8548422
-1.075561
0.759588
0.1705344
0.9072803
-0.6254628
-0.2885417
1.116788
1.669553
-1.280974
0.7173202
-2.505337
-0.6212956
-0.9523264
-0.0686097
-1.162417
-1.516438
0.7392397
1.557282
-1.900529
-0.2261734
1.815721
2.734993
1.616249
-0.09586874
0.6112842
-0.2843095
-2.59013
1.86278
-0.1267649
0.1767878
0.6014392
0.2166669
0.0386202
-0.2261933
0.8106743
-0.3879267
1.444323
3.043024
0.7264028
1.98409
-2.180565
-1.77463
-0.4832982
1.129871
-0.5983934
1.41162
0.7261699
-0.7739622
2.714694
-1.495995
0.02891123
0.7654951
0.4942022
1.522899
-0.7101112
-0.9547485
-2.597795
-0.3246568
-1.353477
2.457732
-1.432573
1.50478
-0.180115
-0.4203771
0.2859194
1.828433
-2.64533
-0.4797194
-0.8179882
-0.3670161
1.152726
1.211876
0.511658
1.182402
-1.088575
-0.1429652
-0.8257248
-2.271495
-0.7022793
0.4123741
-0.100926
-0.8750673
1.347555
-0.3410893
0.7295058
-0.03189333
-0.4952728
-2.049349
-1.015368
-0.3391384
-0.01851407
-0.5003473
0.05050516
-1.399457
1.374516
1.205862
0.709901
-0.6822234
-0.743851
0.3406712
1.070288
0.1085452
-0.9622747
0.6551776
0.7138694
0.04059815
1.198165
0.05840337
-0.7100128
-0.08875621
-1.372036
0.3563332
-1.865803
-0.3963971
0.5033252
0.7672579
-0.3640768
-0.6877108
-2.014895
-0.968868
-1.372453
0.8007564
0.3607724
-3.52548
0.7608325
0.3615521
-0.09484072
-2.053034
1.636034
0.9401033
-0.0822724
-0.7390661
1.166694
0.2499524
1.653069
-0.07275721
-1.999185
-0.2078736
-2.679186
0.8506472
-0.2611957
0.9367658
-0.1292276
1.060595
1.325423
2.62516
-0.1165297
-1.677777
1.246376
0.394012
-0.1182725
0.2714798
-3.504996
-0.5298555
-1.66854
-0.9792036
-1.590467
-0.4675235
-0.3563215
1.332734
1.665212
-2.136842
1.844093
0.4935795
0.242232
1.374689
0.437959
2.531367
-2.331409
-2.167446
-0.2419485
-0.3392
-0.4809974
-0.3991627
1.400563
3.034656
-0.3054987
-1.358467
-1.487175
1.320999
-0.988416
1.917307
-0.3990788
-0.1399629
0.9204196
-0.4731058
-1.917871
0.653982
-1.576065
-0.870308
-0.8315424
-0.4654003
2.051194
0.9732702
-0.4637174
0.3741483
-0.1204991
-2.592419
-2.044465
0.05202044
1.494335
0.4851283
-0.06712694
-0.4872298
-0.4724421
-1.311187
-0.7592148
-0.8085539
1.570485
-0.7587668
0.6251847
0.1322175
-0.3348391
0.3755445
0.821546
0.8863723
-2.008512
0.00578548
-1.169314
0.2721831
0.04441297
-0.4079989
0.6013126
-0.761377
-0.01704099
-1.420597
3.002898
-3.696465
0.2491914
-0.9087083
0.3898109
-0.4612932
0.6049118
1.283268
0.9895399
-0.9084952
1.115076
-0.1656021
-1.231734
1.754699
-0.5611812
-0.1971299
0.8378882
-0.4256885
-1.321158
-2.266787
-0.1382789
2.285378
-0.2430316
-1.921996
0.03945126
1.189132
-1.480563
-1.405556
1.082865
1.364268
-1.157131
-0.2860138
1.891647
0.2986063
1.291201
1.281184
1.09958
-0.5593652
-0.3585487
2.516795
2.774894
0.2417174
-0.9250763
0.3188755
1.3108
-0.4335555
-1.347682
-1.060616
1.1258
0.4727014
-0.09254698
1.173838
-1.911068
0.2786656
-1.152004
-3.259665
-1.197758
-0.7672145
1.481597
-0.7550579
2.767331
-0.8745837
0.1078046
1.799815
0.7715364
-2.677047
-2.774962
-0.6859785
-0.4733885
0.009230856
1.232687
-0.2933725
1.249047
0.3593335
0.1159365
-0.4763412
0.8470253
-0.5573615
0.2185925
-0.8863322
0.2671044
0.4840649
1.081438
0.6803962
-0.6961989
0.7261528
1.553262
-1.701535
1.116979
-1.185528
0.1114816
-0.3553778
0.6846926
-0.2120205
-0.161198
2.345546
-0.9021956
-2.104367
0.3683354
0.2020409
0.7159814
0.5825314
-0.1618173
0.07933939
1.522621
-2.103493
-1.612087
0.3626896
0.714609
1.804926
0.5324816
-0.03252741
1.33854
1.116825
0.4124126
0.2150866
2.107093
-1.146836
1.028595
-0.5998601
-1.001116
-0.2756865
-1.351901
1.002852
-1.907506
0.4374272
-2.215212
0.3160093
0.002669349
0.2815327
0.1861029
1.36511
1.127273
-0.776292
-0.6588035
-0.2861853
0.1804239
1.037151
-1.669627
0.07745312
0.1386953
0.1279841
0.4385656
-0.3194788
-0.54632
-0.1441529
-0.6796151
-2.321066
0.2993738
1.866126
1.627535
-0.7437625
0.1327524
-1.609842
3.560225
1.245659
1.708132
-1.737657
-0.01985713
-1.020403
0.8679456
0.8262242
0.7138764
0.2759814
-0.0006458983
-1.89508
-4.944074
-0.3581308
2.601179
-0.9353867
-0.869985
-2.526675
-2.486292
0.3630507
0.5318073
0.2995704
1.525705
-1.632622
-1.109606
1.235813
-1.318288
-0.973948
0.124512
1.237889
0.573486
-0.4117659
1.454147
-0.3341426
-1.042146
-0.4430938
1.328055
1.166211
1.708184
1.684073
-0.5574731
-0.6087141
-2.22414
1.341626
-0.3369868
-0.9444667
0.2592461
1.248333
-1.618347
0.6130064
0.7900571
-1.39734
-0.8736253
-3.193038
1.0778
1.398594
-0.7563217
0.09588932
0.542301
1.143898
-0.3605608
0.613109
-3.055477
-1.515558
0.9536393
0.2650442
1.249452
2.489299
2.411177
-0.5842637
-0.4456142
0.563673
2.631957
2.388588
-0.2945001
-0.2920972
-0.1272485
-0.5139764
0.47917
0.2105901
-0.3575946
0.6090267
-0.8304535
0.5697389
-0.57766
-2.484752
2.231986
-0.2998075
1.922663
1.497997
2.924428
1.223577
0.3747578
0.544875
0.8466164
0.5223014
0.5387651
2.331076
-2.353392
1.271126
-0.4974003
0.6254348
2.292199
0.00251798
0.1348821
0.2394199
-0.7837366
2.010719
0.5968336
1.525153
-0.843619
0.8996825
-1.298938
0.2708437
2.2055
1.210732
-1.891255
-1.03589
2.06986
-2.223474
-0.4640517
1.164997
0.0777068
-0.6883607
-0.1512543
-0.4331686
-3.118341
2.086262
-1.010359
-1.817074
-3.473814
-1.346622
1.15958
-1.095633
1.319981
-0.8494202
-2.685548
1.235677
-1.471893
0.7068381
-0.7715898
0.1562327
-0.6155904
1.097317
3.594014
-2.636074
-0.9011223
-0.02460369
-0.1540471
0.175754
0.6930875
-0.5568811
-0.3304998
-1.902222
-0.07770613
-0.3237756
-1.043805
-1.810879
-0.727046
-1.578613
0.5788862
0.9369122
0.6076877
-2.304267
1.745894
0.5749516
-0.07264663
-1.710826
-3.59169
1.172355
-1.361362
-1.183904
0.5180013
-0.7301284
0.5723806
-0.3668422
1.675728
1.040916
-0.8612031
0.09757551
-1.63603
1.409779
1.540231
-1.070443
-0.3766256
0.9283112
0.1829764
-2.031579
-0.8912117
1.56536
-0.6352723
0.05402455
-2.961645
0.4898433
-1.72842
0.08949411
0.4169744
0.922406
0.0760738
-1.504702
-0.7017601
0.3857999
-1.481981
-0.2736261
0.1850708
-0.3083638
1.597737
-0.5961847
0.9518312
-0.1082862
-1.032966
0.1618665
-1.263437
0.375413
-0.9235992
0.1804484
0.7546903
-0.5185429
1.40975
-0.4647453
-0.5010745
0.4984525
-1.928554
-1.049147
-1.015808
0.2634662
0.7608578
-0.03998256
1.311678
0.114587
1.349875
-1.926059
-1.369792
1.105316
0.760042
-1.504442
2.294549
-0.07167936
-0.8891766
-0.6251145
2.325918
0.6518397
0.4735148
-0.7020892
-0.2350415
-3.392437
1.487804
0.7534577
-0.2454127
-1.113464
-0.4609723
0.343317
-0.3568684
0.8168524
2.123303
-1.190241
2.584548
1.279632
0.4265554
-2.935083
0.562306
-0.3751068
0.8792243
-0.1809135
2.872861
2.545235
-2.190435
-0.0907899
-0.2735819
1.07669
-0.3582103
0.1218619
-0.06542787
-0.8844761
0.9766194
1.249136
-1.792325
0.7096797
-1.185348
0.5682656
-1.461427
-0.9464906
0.04110034
0.6970049
1.155797
1.335902
-2.084476
-0.9905851
1.822289
-1.876415
-1.483359
0.6138809
0.7889504
0.5675974
-0.7784389
-1.211592
1.256232
1.109644
-0.6098346
0.401037
-0.3821634
-0.5835725
-1.238102
0.1994737
2.226571
-0.04919188
2.216648
-1.700085
-1.093974
1.249236
1.556664
1.25937
0.4337741
0.5142484
0.6256813
-2.612702
0.01752595
0.5976049
-1.189368
0.7393717
0.2474889
-0.4156295
1.380002
0.2898184
-1.746598
1.586813
-0.4178419
1.037078
3.045605
-1.690457
-1.014148
-0.7197954
0.1612841
0.0408423
0.8530135
0.1354854
1.245644
1.403723
0.1270503
0.4553784
-2.999514
-1.532749
-0.9363632
0.2887131
-0.194003
-1.08104
0.5385712
-0.8156863
1.971309
1.508869
3.563417
-0.2062643
-0.4211396
-0.4834281
0.7801068
1.765584
-0.4535785
0.7471148
-1.606415
0.64932
-1.236385
-1.421564
-1.331339
0.7020653
-2.699619
-0.484708
-0.1241843
-0.1179823
1.511489
-1.129711
-2.508085
-0.9157583
0.1512644
0.187438
-1.076866
-1.313434
0.5091395
-0.7108956
-1.089007
-1.634075
1.927915
-0.05139322
1.19553
-0.8273506
0.9855587
-1.800324
0.5473031
0.09838145
0.9877621
-0.6294096
0.6991362
1.078531
-0.09489558
0.07691336
-1.168859
0.2802293
-2.633453
0.3015667
0.6611781
-0.1757983
-0.4593624
-0.06006268
0.5329841
0.3627679
-0.6392356
-1.438002
-1.286924
0.432817
-3.405142
1.393121
-0.4861335
0.5646833
1.244775
1.68557
0.6287757
1.335869
1.459131
-0.6251254
0.4594549
0.2937624
0.4259942
-1.625772
-1.121841
-0.5275496
0.1069405
1.388866
1.740236
-0.3443043
0.5961632
1.445276
-0.2349113
-0.6130633
-0.01738231
-0.4296603
1.473031
-1.093955
-0.7712119
0.01789357
0.8427024
-0.8124217
-0.3915322
-1.035368
0.2528317
-0.8277465
-0.4668578
-2.117441
-1.062129
-0.8000358
-4.059188
-1.939584
-0.4765053
0.8085527
-1.208452
-0.5657901
-0.5578846
2.108003
-1.319188
-1.349431
-0.191668
-0.4390638
-0.3233815
0.0417464
-1.292231
-0.1354399
-1.05371
-1.568015
0.7815663
-0.7457175
0.6420492
-2.327706
1.192512
2.037741
-1.730475
1.232788
0.05009108
-1.688057
1.922157
-1.84541
-0.730221
-0.08605655
1.505005
0.4781749
2.226288
-1.210238
-2.848883
-2.035375
-1.335216
-1.362558
-1.263388
1.941073
0.7908747
0.3020986
-1.194396
-1.009025
-1.089863
2.121774
0.1955825
1.182764
-2.1162
-0.2621731
-1.607727
0.5689787
-0.5212783
-2.479139
0.9917746
-0.2886865
0.8338075
-3.29352
-0.4230563
-1.007206
-2.229598
-0.9152082
0.1124282
1.61728
-0.316687
-0.1850051
-1.450815
-3.214393
0.0002919286
-1.989738
0.2182021
-0.4356024
0.6434752
0.283701
-0.7914741
0.3938489
1.235229
0.04492858
0.07072882
-1.602875
1.10798
-1.25516
-1.43909
-0.09785244
-0.4008301
-0.8506964
1.565988
0.855466
1.178961
1.391746
0.7665644
-0.8625624
-0.282527
0.7693853
-0.4426435
1.622004
-0.7953629
0.327709
1.858889
-0.5836487
1.515393
-0.7000822
-2.140558
0.9542044
-0.5601178
0.1909077
0.8126097
1.905074
-0.1473737
0.2690898
0.8116817
0.7258198
-0.5796852
-2.084792
-1.865407
-0.7847788
-0.6096727
2.141447
-0.6608516
0.8094464
-1.527643
0.3668438
2.177564
1.089613
1.121586
-0.98387
-0.2104547
0.4968598
-0.4271202
-1.869315
-0.1717463
2.062266
0.691491
-2.376424
-0.1703665
1.375849
-1.645682
1.120205
0.2030401
-0.9454855
1.437279
-1.508879
0.9034956
1.058036
1.615246
1.267142
0.195771
0.2313626
1.960033
0.6871186
0.7534136
-0.2520022
-0.05198111
-0.5921162
-2.878823
1.035792
-0.8465285
2.064034
0.9384578
1.670763
0.2951478
-1.978969
0.623174
0.308695
1.153678
1.595726
-2.319758
-1.312865
-2.056001
-0.2661242
-1.245999
-0.7242702
-0.8279902
0.04840371
0.3824089
1.64477
-2.05881
0.5815277
0.06043109
0.8336591
-2.942442
-0.129799
-2.234115
-1.55524
-1.102191
-0.3124018
-1.468776
-0.1838439
-3.491928
-0.4203267
0.06278668
2.133003
0.3417774
-1.243943
2.223831
2.434717
0.9075922
0.3222406
0.6134965
-0.1490018
-1.075873
-1.780299
-0.9161626
0.4340398
-2.031955
0.8223321
0.2862355
-1.322958
-1.060062
0.4898967
-0.03492375
-1.108604
0.934703
2.549351
-2.561588
0.1738651
1.008323
-0.8062433
-0.2519712
0.1228867
2.579678
-0.8355369
1.156777
0.6341603
0.7577849
0.7480586
-2.72522
0.3743677
-1.155471
-1.699103
1.328342
-0.04755245
1.100651
-0.1509436
-1.468161
1.986151
-1.303672
-0.1553743
-2.225111
-0.5600405
1.787779
-0.1181291
2.050126
-1.24635
-1.259936
0.7691901
-0.03287194
-0.5947239
1.726043
0.3787073
2.206651
-0.2316407
-0.4170745
1.129536
0.06310841
-0.1059357
-2.5449
2.233981
0.3948084
0.2642699
2.108821
0.1654504
2.402762
-1.279165
0.9536936
1.315759
-1.869468
-1.027368
1.200951
0.1542399
-0.3243985
0.9995414
3.346838
0.2901251
0.3624209
-0.3149861
-1.724852
0.7153219
-0.3916624
-0.7333801
0.8714643
0.3436705
-0.6036214
-0.1277425
0.9884515
-2.102788
0.7718979
0.8354527
-0.4217077
-0.4756898
1.895197
-0.18457
-2.643526
1.371093
2.045549
-0.7054442
0.2757882
1.584074
1.826088
1.196496
-1.334036
2.51784
-1.121608
0.1443655
-1.765872
0.08960864
-1.230292
1.122765
1.798451
-0.01365137
-1.055049
0.2747289
-1.786394
0.009003006
0.09234321
-0.9035574
0.635645
-1.217772
-0.6101642
0.3242749
0.504181
0.4994852
-0.6219739
0.009112008
0.005365781
-0.3971305
1.599593
0.8749425
-0.3230626
0.1790266
1.110153
0.6671809
-0.7454566
1.911057
-0.2648016
1.806028
0.6908562
1.591834
3.504612
-0.2416526
1.037452
0.3137114
1.696701
-1.885994
1.430611
0.5759827
-1.267236
1.84986
1.26428
-0.330866
1.167514
2.240242
-0.1915133
-1.127857
0.481742
0.3919317
-1.026116
-1.256238
-1.569632
2.522524
-0.6251312
-0.4113078
-2.230561
-1.290161
0.3016002
-0.9340706
0.03433362
0.4397173
0.78502
-0.1316515
0.453463
-1.070067
0.8781809
0.006227329
-0.2747522
-0.7976396
0.4843852
1.35877
1.256579
-0.3306912
-0.7251982
0.3146541
0.213649
-1.508726
0.1374199
1.453611
-1.757756
-0.1405295
-0.5542835
-0.3759853
0.9816455
0.8585266
0.05117214
0.2004626
-1.500712
0.7447433
2.053709
-0.9462048
-0.9926249
-0.9295527
-1.052323
0.8416179
0.3870177
0.3616171
1.430223
0.3221395
-0.4507611
0.2473348
-0.3804373
-0.9680812
0.02836065
1.497474
-2.7569
-0.7574817
-1.32713
-0.9391666
1.480612
-0.8435501
2.431747
0.3281934
-0.5175731
-0.334638
1.056953
-0.6973414
0.2696151
-2.303321
1.476778
0.3991863
-0.8352108
1.513981
-0.05876622
-0.7035692
0.7436431
0.6013606
-0.3142598
1.658746
3.161038
-0.2327451
-0.4038434
0.4339446
-0.3331065
1.108342
1.963585
0.6724234
1.499593
-0.1346277
1.190742
1.137044
0.8645277
1.206978
0.2963726
-1.797155
-0.5022655
-1.639356
1.440813
2.821406
-0.9571516
1.296805
-0.4281989
1.268881
0.572752
1.232937
-1.716168
0.4492899
-0.8120707
1.559446
0.252454
0.2349556
-1.922778
-0.2980385
-1.281088
-0.406644
0.5169915
-0.4244938
0.8640684
1.822594
1.599063
0.6607473
1.946128
-1.40179
0.5396728
-1.487513
-0.3740845
-2.138353
0.5456016
0.7329078
-1.139433
1.696841
2.566041
0.4395702
-0.1802544
-0.7802298
-0.7424813
2.657341
1.988686
-0.1128855
0.7683702
-0.3162612
0.2965948
-1.806015
-0.9119467
0.01048085
0.9528623
-2.194904
-0.8198469
-0.8681172
-0.2856546
2.851892
0.8040599
-0.897283
0.1165896
-1.956147
0.22319
0.2797428
1.080117
-0.3676217
1.767051
-1.192217
-0.4532848
-0.7255921
-0.2448318
0.6612486
-2.053717
-2.291203
0.4714648
-0.3302421
0.01603194
0.14256
1.100569
-1.172228
-1.31592
0.2276074
-0.5135943
-1.919218
-0.4903388
-0.844653
1.677734
0.4850013
0.7234688
-1.015985
-0.6142453
0.9298588
0.8936631
-0.9480532
-1.411247
-0.4231969
1.473903
0.4383579
0.3163292
0.4018131
0.1599704
1.101574
-1.556744
1.335114
-1.154536
-1.337532
0.359486
0.5025593
0.3269367
1.290903
0.7497268
-2.107454
-1.345949
-0.01160939
-0.775233
-0.2619678
-0.09029877
0.4196759
-0.720593
0.3920325
0.6554614
1.489713
-1.715682
0.5174725
0.6561705
1.780278
-2.130997
1.009014
0.04140623
-1.464496
-0.5223316
1.650084
0.5048649
-0.02162728
-1.293555
1.798367
0.618854
-0.4651962
0.5725983
3.405903
0.6372404
0.3188148
1.553269
-0.09410419
-0.7340464
-0.03852224
-0.02817996
1.038475
0.7561619
0.7672446
2.348241
0.6606314
0.1022903
-0.5284832
0.1376214
-2.198046
-1.952958
1.108185
-0.1045134
1.744732
1.274609
-0.7137809
-2.100691
-0.3215295
-1.412298
-1.354553
0.9495656
-0.7386379
-0.781339
-0.2497223
0.2846034
1.036767
0.8887243
-1.56779
-0.5012255
0.72175
-0.6238916
1.727768
0.5289121
-0.0358927
-0.3261106
0.1519022
-1.528867
0.6857995
-0.5103589
0.3997421
-0.7035652
-0.5259148
-0.4487239
1.309177
-0.8005498
-0.1764821
0.8882525
-3.194069
-1.809602
-0.1595017
-0.02352131
0.9077366
1.846357
-1.182109
-0.04217094
0.01320618
1.384455
-2.513298
-0.118242
-0.2662986
-0.01337202
0.4818167
0.8873543
0.9023997
-0.1454765
0.218934
0.9461142
2.461467
-0.3571599
-1.345615
-0.6206669
1.236178
-1.142979
1.014067
0.04308313
0.3771993
-2.495812
-1.290463
0.3126301
-0.013826
0.4329929
1.804308
-1.397118
-0.3599341
0.9668851
1.594746
1.970361
-2.576385
0.01929428
-0.04488465
-1.800893
-1.044438
0.9433824
-0.4328378
0.5979779
-1.034644
-2.194674
0.6203936
1.738328
-1.115372
-1.013164
-2.354106
0.5998579
0.3102617
0.07574964
-0.2567928
0.94381
2.629887
0.5166479
0.4085948
0.7547562
-1.709914
1.942634
2.109077
-1.795433
-0.550412
-1.019128
-0.8594122
1.287776
0.1348068
-0.8166115
0.8645448
-1.322386
-1.537531
0.6148633
-1.575371
0.1263214
1.345453
-0.816787
0.2106986
-0.938379
0.824274
-2.22138
-1.779569
-1.569293
1.459366
-1.496048
0.8820605
0.8271961
-0.4115292
1.741804
-0.4937879
-0.06499019
-0.05179384
-0.3305371
-1.112284
0.3880042
1.010902
-0.5220335
-1.184141
-0.03602527
-2.74152
-1.451641
1.266922
0.9824459
2.370958
0.9249631
-0.3587654
-0.09184953
-1.903039
0.2592612
-0.3596146
-0.8891387
0.7598594
-1.38642
-0.6908907
-0.3368737
0.7704108
0.2965934
0.007481404
-2.033202
-0.5428427
2.105578
-1.15151
-1.533432
0.4119239
0.5989944
0.8267698
1.010434
-0.4391915
-1.270675
0.6987107
0.3185734
0.6321766
-1.537498
-0.3313318
2.32981
-0.7146195
1.616932
0.4759242
1.455532
-3.074861
0.5645723
-0.2085389
-0.4049582
-0.761556
0.6863422
-1.836611
0.09296601
0.9495896
-0.9477776
-0.3670877
2.270665
-0.3295448
0.54696
-1.614704
-1.140442
0.9673408
1.485339
2.044139
1.444911
-1.136543
-0.83154
0.6086941
1.313385
-0.513385
2.869569
0.6543568
-1.474644
-0.2850625
1.146013
1.559298
-1.958163
0.7920855
-1.544709
-1.272972
1.618868
0.001690611
-2.974159
1.564998
3.003275
0.07002085
0.4413923
-0.8078874
-1.277331
-0.3954766
-0.01515245
-0.2966005
-1.854392
-0.9488145
0.9513658
-1.398719
0.04857905
0.9828038
-0.5491598
0.7760185
-0.6048477
-0.1004899
-0.341123
-0.02018992
0.6959525
0.7659214
0.3312305
0.8805887
-0.1791015
-0.8010257
0.6324257
0.3147224
0.4306346
1.867313
-0.2368937
1.49846
-1.089329
0.4067454
0.9309565
-1.369678
2.236042
-2.142349
-0.05119542
-0.8808067
-1.180906
0.1863865
0.1383868
0.8924009
2.272975
0.3778853
1.271893
-0.2972784
1.496242
-0.7205361
0.6113914
1.539193
0.3800514
0.6469861
0.4131287
-1.120491
1.148569
1.502175
-0.7985626
1.140696
0.3954825
0.4814367
-0.6914385
0.742671
-1.315616
-0.1255212
-0.3807765
-0.8473509
0.2620166
1.483212
0.4474717
0.8459302
-0.6671768
0.2626652
-2.150014
1.154056
-0.2227881
0.9311873
-0.5928068
0.04678659
0.881332
0.694208
-0.6675571
-1.553356
-0.9616163
0.07433105
-1.133671
0.3908551
2.391054
2.438183
0.9426854
-0.7124608
-1.568797
0.7808509
2.812692
0.7009554
1.087674
0.747525
-2.312535
0.9109856
-1.036815
-0.1714281
-0.4655062
-0.2870401
-0.1567745
-1.024492
1.744133
0.979376
0.417666
0.5536748
2.677499
-2.821179
1.838688
0.9615285
1.750221
-0.1635353
2.088729
1.62549
-0.1311848
-0.9811753
0.7470769
0.7433839
-1.030476
-2.242307
-2.688076
-0.8883261
1.4388
-2.363402
0.1779971
0.8248898
0.1710857
0.4311273
0.1058164
0.09058188
3.540762
-0.3532603
-0.4420099
-0.5369533
0.1083588
-0.283195
0.3519805
-0.3241958
-2.306146
-0.2912007
-0.8516564
2.246185
-1.245138
1.91416
0.5858796
0.1351275
-1.991027
-0.5991646
-0.1042843
-1.335486
0.617596
0.1506607
1.242447
-2.511971
-1.163138
-0.1528383
0.2041941
0.1562308
-1.332389
-0.3723713
-0.2017114
1.184757
0.9523232
0.5328967
0.05118321
0.8152012
-3.35053
-0.2917309
-0.1615305
-2.19682
-1.578309
-0.3151792
-0.921645
-1.153594
-1.896579
0.3143877
1.486871
-0.4604915
-2.675479
0.2579281
0.9694737
-0.5700192
-2.052266
0.3492001
1.379042
-1.530853
-1.395108
0.577063
-0.344988
-0.526903
-0.1376599
-1.190542
-2.435453
-1.005133
-0.3628994
0.4607144
-1.224715
2.040737
0.6348696
-1.183334
0.1477294
1.262996
-2.108581
-0.5681218
0.9639388
0.3020113
-0.3500311
0.6446369
-0.2287028
1.270165
2.123711
4.305854
1.095873
-1.568081
1.264017
-1.660254
1.061512
2.373898
-0.4241635
0.367445
-0.7562096
-0.3071686
1.07326
-1.707948
0.07065862
-0.8066924
-1.229854
-1.087756
-1.600099
0.366833
0.4558801
-0.8426251
0.3199929
-2.213156
-1.994573
-0.3515461
-1.470777
-0.3881271
0.7507929
-0.5252132
-0.07906727
-2.360744
-1.083466
-0.07882214
0.6042883
-0.3668239
-0.6683906
0.9964391
-0.8785051
1.808006
1.07284
1.103875
0.9990691
-1.155937
0.9220293
2.698467
-0.5963269
-0.7218608
1.107664
1.119326
0.01597467
1.853094
0.5643769
-1.27437
-0.1322205
-0.223094
0.3527772
-2.631236
0.08422886
-0.369776
-1.159856
0.126355
0.2547798
2.237999
3.099166
0.3829346
-0.9917184
-0.2184028
-0.3952739
3.659258
-1.011997
0.9702348
-0.1243516
0.5994151
0.06185573
2.261449
-0.2753804
-2.105512
-1.917771
2.336564
-0.02441201
0.683009
0.1459036
0.938024
0.8730668
0.1992777
-1.133916
3.119649
-1.289229
0.7663049
0.6028847
1.779252
0.6227721
1.07757
-0.8249561
-2.777258
-0.4588409
1.180734
-0.0007013679
-0.4462142
1.332582
0.581597
1.542869
1.456017
-0.8032626
2.630935
0.2711437
-0.3924983
-1.095769
-1.853576
0.3214895
-0.123411
-1.906516
-1.217213
2.034212
0.948531
-2.895372
-0.5560279
-1.362175
0.2339428
1.152771
2.144236
0.9299298
0.6023567
1.052561
2.15763
1.43899
-1.577961
0.7001069
-0.3266742
2.150818
-0.5905421
2.008533
-0.06805788
-2.172249
-0.6171573
-1.541573
0.2579601
-0.6171715
-0.1756298
0.07996021
0.07544258
-0.1978815
0.1009854
1.725699
0.6562405
-1.139429
-1.147724
0.9126542
1.447877
-0.4215136
0.7435542
0.6040747
-0.5012519
-0.2578346
2.185327
-0.5364888
1.208554
-0.1159578
-0.6406957
1.836555
-0.5352266
1.344796
-1.427485
1.0834
-0.8773801
1.956031
-0.3634157
-0.5425836
0.2524337
0.2017779
-0.5476848
1.906865
-0.835273
-0.5496596
-1.995601
-0.5948914
0.934103
0.9265525
2.117147
-0.9265004
0.2201484
-0.3261151
0.8290652
0.3876206
-0.9307655
-1.538775
-0.5414138
0.08681861
-1.344147
-3.242941
-0.7152253
-0.2174623
1.028398
1.221799
-0.1350852
0.9708079
0.3415019
-1.803325
1.163643
-1.734689
-2.126848
-0.5482
0.5404437
0.5062783
-0.8738042
2.534484
0.7413883
-1.36601
-0.1935007
1.328514
-0.8015741
0.370746
-0.6655246
-0.04207188
1.098938
1.91431
-0.8048414
1.050176
-0.7773256
1.36079
2.09499
0.2661821
-2.221449
0.916929
0.5063243
-0.8337855
1.213147
-1.864969
3.568503
-0.7445624
-1.46995
-2.615888
-0.6357279
-1.977205
2.13504
0.6785649
0.01040503
-0.8043406
0.3811886
-0.4766269
0.6058303
0.8004802
1.071748
-0.4378176
1.871997
1.046204
1.400337
-2.546972
-0.3055809
0.6088274
-0.4716873
0.6380931
2.40162
0.2900503
2.020925
0.6906589
0.5926788
-0.444196
2.620914
-0.7897899
1.4152
1.295204
-1.275146
1.530696
0.01623727
0.5094918
-0.08193652
0.329403
0.7715231
2.281103
-1.70577
-0.3975452
2.182203
0.2249994
0.2302232
2.303101
1.859264
1.810081
-0.05801493
0.9395695
-1.627074
-0.887713
1.225689
-0.4798404
-0.2937585
-2.177774
-0.9897481
1.015907
-0.9686001
0.9965909
-0.6910362
1.387508
0.5555507
0.7901956
-0.4644204
-0.7902383
0.1265664
0.5476781
0.3920408
0.01574768
1.109629
-0.2789724
0.3339254
1.404528
0.6953648
-1.153715
-0.1228039
-0.5842373
-0.3861142
-1.062238
2.212185
-0.4616167
0.1249876
0.2802924
1.332833
-0.6431121
0.8084702
0.2807552
-1.9671
-1.913884
-1.135655
0.8558131
0.399712
-0.08881289
2.076505
-0.1768945
0.7030401
1.00179
-1.355546
2.166485
1.044081
0.001165077
-1.202416
-0.1832413
-0.1676261
1.889163
0.8450574
1.686888
2.985827
-0.2657428
2.286037
-1.395016
-0.97794
1.103846
1.213102
0.3320385
-2.745502
-0.2986755
-0.8101282
0.2830837
1.436962
1.174998
-0.1982455
-1.170692
1.1239
1.124089
0.6771842
0.09057097
0.187291
2.344619
-0.3600661
-0.6000153
-0.8041664
-0.1127203
-1.263647
-0.0118347
-2.405689
-0.04132566
0.1439007
0.6929549
-0.1446623
-2.377584
-1.946359
2.648593
-0.4680474
-0.1840457
0.4403585
2.782809
0.8651697
-0.3730414
-1.451247
1.680793
2.004952
0.2427813
1.676777
0.1496498
0.9668604
0.598312
0.8533729
1.074395
0.04585721
-1.712263
0.5742919
-0.2125596
-0.001999259
0.7217074
-1.887733
0.848056
-0.2237285
1.75028
-0.1808108
-3.080819
-1.220687
-0.548956
2.086922
-1.393013
1.352246
-2.547101
-1.041098
-0.5789658
-1.672277
0.1674922
-0.185657
0.4858948
2.110145
-2.251282
-0.4079493
-0.1117817
-2.343302
1.163373
-0.607169
1.670272
-0.3106092
-1.680659
1.190967
-1.935192
0.9081067
-1.714273
-2.000385
-2.723649
-0.6917368
-1.874426
-0.8359239
1.633453
0.41281
-2.039564
0.2266107
-1.152069
0.7297792
1.487825
0.813318
0.1074331
-0.8753908
-1.295901
2.600041
0.3999361
0.819748
1.499996
-1.042699
-0.201164
0.4963807
-1.475452
-0.8624099
-2.181455
-0.6148987
-1.324894
-2.927096
-0.5783508
0.05009888
0.3843657
-0.1050853
0.6199175
-0.5480809
0.08997084
-0.9110329
-0.02089046
1.024481
0.5867716
0.08661801
-1.455013
1.08667
-1.495608
-1.490059
-0.9526204
-1.926221
1.187038
0.5352104
0.6818461
-2.191547
1.604331
-1.045846
1.614241
0.4168241
-0.2989739
-0.4998515
-0.7921848
1.993509
-0.7427602
-0.9026703
-1.426139
0.9610782
0.8655099
-2.213684
0.5384102
-0.7077308
0.2130051
-0.5603271
-1.196337
0.7115244
1.709215
1.920758
0.572454
-2.447298
0.400353
2.781265
0.1680632
0.7538556
-0.06221301
-1.593629
0.972386
-0.3660696
-1.269038
0.1434444
-0.1078969
-0.8307989
