-0.2256674
0.2270366
-0.1839735
-0.3686835
2.001563
1.196635
0.1532937
0.6818699
0.3059119
1.081213
-0.1512772
1.043139
0.8410823
0.338708
0.4181086
-2.10358
0.5663766
0.4661411
0.4507724
0.04909772
0.2723992
0.5319696
-0.6033875
0.104679
0.3084454
-0.5193644
-0.6092651
-1.264293
-0.5881086
0.9957455
-0.3502482
1.547306
-0.2329265
1.367415
0.3733824
1.039987
0.1184611
0.3838386
-0.271881
-0.4628439
-0.4907969
-1.015993
-0.409442
-1.457062
1.142159
0.7833501
0.3552451
0.6442024
-0.09012468
-0.0003046095
0.147598
-0.9145906
1.36531
-0.9908242
0.04089717
0.8416663
0.3395614
1.634739
0.1130238
-0.5427836
-1.201598
0.002618179
-0.2786118
0.8224582
-0.2264028
0.1415351
0.7292761
0.1867914
-0.2427185
-0.4076585
0.165292
-0.3778481
-0.9817532
0.3508124
0.009450298
0.8687352
-1.077286
-0.9381504
-0.7802334
-0.3584663
-0.3748555
-0.0471667
-0.9476305
0.2785501
-0.4142348
0.7639981
1.05568
-1.490728
0.6839663
0.4084799
0.7957839
-0.1469122
-0.02302975
0.2511084
-0.6390839
0.720741
0.136351
0.8018965
-0.708179
-0.2420291
0.2829703
-0.5191545
-0.1087177
0.6003385
0.002672952
0.001724832
0.1326693
-1.464035
0.09433065
-0.3961132
-0.2667467
-0.1533522
0.3737595
0.7483689
0.3421897
1.227229
0.2121333
0.275015
0.5471509
0.9888605
1.222103
-0.9595616
-0.3513582
-0.0374262
-0.576166
0.7552742
-0.5305958
-0.4600064
0.6460367
0.493218
-0.0758007
-1.331089
-0.04902019
0.8786868
-0.0612673
0.7889656
-0.7335652
-0.8346533
-1.189486
0.8492292
1.22532
1.656432
-1.142178
-0.7742242
-0.2764466
-0.283293
-1.102092
0.3155183
-0.7528726
-0.3217895
-0.4915704
-0.6938289
-0.2137147
0.2988758
0.7433509
-1.077908
0.8799441
-0.1745125
1.547444
0.7427177
0.0692611
0.9774359
1.198387
-0.5901188
-1.112015
-1.228683
0.7172374
-0.4594378
-0.9306617
-1.499847
-0.3864926
0.5899003
-1.401014
0.6931562
-0.6400417
-0.3427216
-0.779398
1.033096
-0.08428067
0.957733
0.1747073
0.7496443
-0.4646656
-1.363928
-0.2025763
0.7728606
1.131357
-0.7055401
-0.6328958
0.2660621
0.3348851
0.7780155
0.3343979
-0.1843662
-1.387336
-0.1457875
0.08941409
0.3422717
0.7446081
0.9847961
-1.336097
-1.261715
-0.9426333
1.423534
-0.3998705
0.1361525
-0.1020471
-0.5181096
-0.8342505
1.409775
-0.5022952
0.6505075
0.4640192
0.8286923
-0.4860758
2.447148
-0.05749723
-1.109719
-0.006123826
-0.6278455
0.3262914
-0.3335664
-0.3379165
1.188747
-1.042782
-0.09883603
0.8198209
-0.546014
-0.9963407
-0.0267545
-1.120009
-1.61221
-0.8089869
-0.2446873
-1.012779
-0.5026871
-0.369382
-0.149312
0.2069004
-0.7486603
-1.683421
-0.8988935
-0.7633172
1.170787
-1.669385
-0.4738829
0.7043337
0.1550483
1.122956
1.835352
-1.021796
0.3593186
1.054335
1.739059
-0.3081469
0.5163132
-0.005840257
-0.06469274
-0.4268718
0.5299886
-1.424661
-0.1384152
0.08736275
0.2211928
-0.05858812
-0.9928173
1.079757
-1.159064
-0.01258274
0.4519689
0.659466
0.4757988
-0.3789357
0.9727871
-0.02080153
0.5919029
0.03057995
0.4409391
-0.09439623
0.939993
-0.8584474
-1.082637
1.49394
-0.8612403
0.4311292
-1.976031
0.2484636
1.442687
1.111463
0.2929176
-0.07407674
0.7876337
1.026173
-0.8869423
1.0505
-0.6146327
-0.1736274
0.5936614
0.938898
-0.2075243
0.516125
-0.02165643
-1.238257
-0.5302584
0.7587684
0.6752729
-0.6663442
1.338087
0.09057888
1.159879
-0.9289913
-0.2431268
0.1305467
-0.3773545
0.1198144
-0.3128567
0.2822811
-0.488698
0.5151522
-0.7964232
0.1737579
0.1551376
-0.7582893
0.348756
-0.3701572
1.289366
-0.8703204
0.2716945
-0.2913451
0.3458474
0.4950875
0.3642599
-0.4292123
0.9024187
-0.0677367
-0.6157176
-0.4544196
0.2003011
-0.953596
-0.6347172
-0.1071169
-0.3438647
-1.00203
0.7569081
0.4330394
-0.1560692
0.2320216
1.274607
-0.3043234
0.09190728
0.7284513
1.009995
0.9588158
0.9606125
0.153983
0.1164764
0.3898732
-0.8884164
1.116747
-1.144131
-0.3935986
0.5956696
1.17022
0.4800501
0.5989003
-0.7165177
1.335869
-0.8177838
-0.7899941
-0.3568695
0.1755001
0.5478594
1.190806
