-1.708195
1.774023
0.4756372
1.079091
-0.06755509
2.430979
1.69425
-1.62983
0.53407
0.6979218
-0.2306511
0.5684007
-0.9860246
2.248703
1.551687
0.4373773
-2.802087
-0.7405267
0.4989327
1.433175
1.705462
-0.04177074
-0.18948
-0.5699909
-0.6260918
-1.100028
0.5597397
0.5626454
0.5192189
1.148386
-1.557883
-0.6889106
-1.200313
-0.5055448
0.5085608
-1.255412
1.154168
1.635418
-1.221359
0.5928341
-0.1467005
0.05694278
1.868769
-2.201777
-0.0753019
-0.6630547
-0.3595919
-0.2549315
0.7907637
1.640805
-0.2606367
-0.2441671
-1.389317
-0.4786298
-2.299159
-0.3421693
-0.1410643
1.377514
-2.45364
-0.6791657
0.3740205
-0.01461591
-1.475514
0.5936285
1.608126
0.7276273
-0.399756
-0.2250741
2.154255
-2.027024
-0.5093071
0.3190959
1.373728
0.02310362
-2.2844
-0.8993427
0.3249944
0.4397283
-0.8247146
-0.9001206
0.6685597
1.179815
0.6171905
-0.7512589
1.033189
1.039402
-1.000564
1.065208
0.9593259
-0.4098759
0.2468907
-1.036847
-0.3277146
-0.2919201
-0.2294282
0.9962201
-0.8003309
3.667584
-0.3373395
-1.038699
-0.1545343
-0.99723
-0.09501719
0.7157411
-1.282948
-1.6756
-0.7257066
1.354924
-1.698135
-0.1328704
-1.145867
-1.156091
-1.131295
-0.150495
-1.093355
-1.093756
0.4810751
-1.565999
-0.7785593
-1.245468
-0.1576008
-1.101951
0.1227706
2.158555
-1.745763
